7 4 4 4 4 4 4 4 4 4 4 4 4 4 4 4 4 4 4 4 4 4 4 4 4 4 4 4 4 4 4 7
3 0 0 0 0 0 0 0 0 0 0 0 0 0 0 0 0 0 0 0 0 0 0 0 0 0 0 0 0 0 0 1
3 0 0 0 0 0 0 0 0 0 0 0 0 0 0 0 0 0 0 0 0 0 0 0 0 0 0 0 0 0 0 6
3 0 0 0 0 0 0 0 0 0 0 0 0 0 0 0 0 0 0 0 0 0 0 0 0 0 0 0 0 0 0 6
3 0 0 0 0 2 2 2 2 2 2 0 0 0 0 0 0 0 0 0 0 2 2 2 2 2 2 0 0 0 0 6
3 0 0 0 0 4 4 4 4 4 4 0 0 0 0 0 0 0 0 0 0 4 4 4 4 4 4 0 0 0 0 1
3 0 0 0 0 0 0 0 0 0 0 0 0 0 0 0 0 0 0 0 0 0 0 0 0 0 0 0 0 0 0 1
3 0 0 0 0 0 0 0 0 0 0 0 0 0 0 1 3 0 0 0 0 0 0 0 0 0 0 0 0 0 0 1
3 0 0 0 0 0 0 0 0 0 0 0 0 0 0 1 3 0 0 0 0 0 0 0 0 0 0 0 0 0 0 1
3 0 0 0 0 0 0 0 0 0 0 0 0 0 0 1 3 0 0 0 0 0 0 0 0 0 0 0 0 0 0 1
3 0 0 0 0 0 0 0 0 0 0 0 0 0 0 1 3 0 0 0 0 0 0 0 0 0 0 0 0 0 0 1
3 0 0 0 0 0 0 1 3 0 0 0 0 0 0 1 3 0 0 0 0 0 0 1 3 0 0 0 0 0 0 1
3 0 0 0 0 0 0 1 3 0 0 0 0 0 0 1 3 0 0 0 0 0 0 1 3 0 0 0 0 0 0 1
3 0 0 0 0 0 0 1 3 0 0 0 0 0 0 1 3 0 0 0 0 0 0 1 3 0 0 0 0 0 0 1
3 0 0 0 0 0 0 1 3 0 0 0 0 0 0 1 3 0 0 0 0 0 0 1 3 0 0 0 0 0 0 1
3 0 0 0 0 0 0 1 3 0 0 0 0 0 0 1 3 0 0 0 0 0 0 1 3 0 0 0 0 0 0 1
3 0 0 0 0 0 0 1 3 0 0 0 0 0 0 1 3 0 0 0 0 0 0 1 3 0 0 0 0 0 0 1
3 0 0 0 0 0 0 1 3 0 0 0 0 0 0 1 3 0 0 0 0 0 0 1 3 0 0 0 0 0 0 1
3 0 0 0 0 0 0 1 3 0 0 0 0 0 0 1 3 0 0 0 0 0 0 1 3 0 0 0 0 0 0 1
3 0 0 0 0 0 0 1 3 0 0 0 0 0 0 1 3 0 0 0 0 0 0 1 3 0 0 0 0 0 0 1
3 0 0 0 0 0 0 1 3 0 0 0 0 0 0 1 3 0 0 0 0 0 0 1 3 0 0 0 0 0 0 1
3 0 0 0 0 0 0 1 3 0 0 0 0 0 0 1 3 0 0 0 0 0 0 1 3 0 0 0 0 0 0 1
3 0 0 0 0 0 0 1 3 0 0 0 0 0 0 1 3 0 0 0 0 0 0 1 3 0 0 0 0 0 0 1
3 0 0 0 0 0 0 1 3 0 0 0 0 0 0 1 3 0 0 0 0 0 0 1 3 0 0 0 0 0 0 1
3 0 0 0 0 0 0 1 3 0 0 0 0 0 0 1 3 0 0 0 0 0 0 1 3 0 0 0 0 0 0 1
3 0 0 0 0 0 0 1 3 0 0 0 0 0 0 0 0 0 0 0 0 0 0 1 3 0 0 0 0 0 0 1
3 0 0 0 0 0 0 1 3 0 0 0 0 0 0 0 0 0 0 0 0 0 0 1 3 0 0 0 0 0 0 1
3 0 0 0 0 0 0 1 3 0 0 0 0 0 0 0 0 0 0 0 0 0 0 1 3 0 0 0 0 0 0 1
3 0 0 0 0 0 0 1 3 0 0 0 0 0 0 0 0 0 0 0 0 0 0 1 3 0 0 0 0 0 0 1
3 0 0 0 0 0 0 1 3 0 0 0 0 0 0 0 0 0 0 0 0 0 0 1 3 0 0 0 0 0 0 1
3 0 0 0 0 0 0 1 3 0 0 0 0 0 0 0 0 0 0 0 0 0 0 1 3 0 0 0 0 0 0 1
7 2 5 5 5 2 2 7 7 2 2 2 2 2 2 2 2 2 2 2 2 2 2 7 7 2 2 2 2 2 2 7
